29198
1111
29983
19339
12014
28164
23924
4029
8964
9978
27940
16947
13136
6733
21705
15280
21974
9470
42
28780
18244
1301
6405
30657
17365
16111
9996
15399
18293
27866
28973
26466
6438
11487
1046
24314
9634
8415
505
25836
27970
13538
8076
12447
2334
8107
29269
5145
2934
20880
29732
371
16209
17800
24545
1162
2915
26758
19335
1272
31796
2821
9073
25667
14719
4324
27349
19539
27352
21365
25998
16938
20370
27089
3870
20687
3552
19310
755
24715
32058
243
14825
3672
28675
22346
16657
6039
16488
18679
19889
11777
9355
4521
21131
18400
3553
8207
31330
16511
